[VERSION]
PARAM_VERSION=1.0

[SERIAL_NUMBER]
SN=98214176

[LEFT_CAM_FHD]
fx=1399.000000
fy=1399.000000
cx=959.500000
cy=539.500000
k1=-0.170000
k2=0.025000
p1=0.000000
p2=0.000000
k3=0.000000

[RIGHT_CAM_FHD]
fx=1399.000000
fy=1399.000000
cx=959.500000
cy=539.500000
k1=-0.170000
k2=0.025000
p1=0.000000
p2=0.000000
k3=0.000000

[LEFT_CAM_HD]
fx=700.000000
fy=700.000000
cx=639.500000
cy=359.500000
k1=-0.170000
k2=0.025000
p1=0.000000
p2=0.000000
k3=0.000000

[RIGHT_CAM_HD]
fx=700.000000
fy=700.000000
cx=639.500000
cy=359.500000
k1=-0.170000
k2=0.025000
p1=0.000000
p2=0.000000
k3=0.000000

[LEFT_CAM_VGA]
fx=350.000000
fy=350.000000
cx=335.750000
cy=188.750000
k1=-0.170000
k2=0.025000
p1=0.000000
p2=0.000000
k3=0.000000

[RIGHT_CAM_VGA]
fx=350.000000
fy=350.000000
cx=335.750000
cy=188.750000
k1=-0.170000
k2=0.025000
p1=0.000000
p2=0.000000
k3=0.000000

[STEREO]
Baseline=120.000000
TY=0.000000
TZ=0.000000
CV_FHD=0.000000
RX_FHD=0.000000
RZ_FHD=0.000000
CV_HD=0.000000
RX_HD=0.000000
RZ_HD=0.000000
CV_VGA=0.000000
RX_VGA=0.000000
RZ_VGA=0.000000
